1 16
2 20
3 36
4 6
5 5
6 29
7 35
8 29
9 26
10 44
11 41
12 12
13 42
14 7
15 23
16 37
17 39
18 7
19 32
20 13
21 4
22 2
23 3
24 11
25 20
26 24
27 30
28 5
29 18
30 13
31 46
32 11
33 1
34 19
35 25
36 10
37 30
38 47
39 5
40 47
41 25
42 6
43 20
44 13
45 40
46 20
47 40
48 44
49 45
50 25
51 14
52 45
53 47
54 29
55 14
56 48
57 36
58 48
59 29
60 41
61 7
62 37
63 35
64 34
65 20
66 22
67 45
68 9
69 21
70 12
71 10
72 17
73 7
74 24
75 17
76 6
77 28
78 3
79 48
80 43
81 15
82 24
83 20
84 18
85 5
86 43
87 49
88 4
89 7
90 16
91 45
92 43
93 38
94 42
95 9
96 24
97 35
98 50
99 43
100 2
